53606937
326255267
16076032
13194
767
14096763
106111147
16399949
20638279
286703
15387839
6730222
14066024
21630311
3840
14529929
21268897
950531
19430233
1140451
11113
47455112
24773177
778057
20861943
21920875
11107172
9532402
436925910
14439168
6981492
8525402
14313712
20800328
130945778
17060020
259395895
16906137
78400205
14412533
80617430
123327472
29263488
546135718
47739450
164412502
41159876
13524182
15463671
18580432
43412697
19024627
7848802
18678924
16326882
46213956
50325797
14940354
7138532